0------------596--------------->
|
|
|	o------W---------
|	|		|
|	|		|
|	|		|
|	H		|
|	|		|
131	|		|
|	|		|
|	|		|
|	-----------------
|
v


PARADO

	X(o)	Y(o)	W	H
1	5	2	37	38
2	50	2	38	38
3	95	2	38	38
4	140	2	38	38
5	184	2	38	38
6	228	2	38	38



ANDANDO

	X(o)	Y(o)	W	H
1	5	44	42	40
2	54	43	41	41
3	102	45	42	37
4	152	44	39	40
5	197	44	41	40
6	245	44	42	40
7	294	42	42	40
8	341	41	46	41
9	393	46	48	37
10	448	43	42	40
11	497	43	43	40
12	547	43	43	40



ATIRANDO

	X(o)	Y(o)	W	H
1	2	89	60	38
2	69	88	60	37



TIRO

	X(o)	Y(o)	W	H
1	133	105	30	5